<?xml version="1.0"?>
<opencv_storage>
<camera_matrix type_id="opencv-matrix">
  <rows>3</rows>
  <cols>3</cols>
  <dt>d</dt>
  <data>
    1248.8843975717264 0. 887.65672295886407 0. 1248.5267984749862
    522.05900420504622 0. 0. 1.</data></camera_matrix>
<distortion_coefficients type_id="opencv-matrix">
  <rows>1</rows>
  <cols>5</cols>
  <dt>d</dt>
  <data>
    0.4112837432491282 -2.5457579442941736 0.054755663021681854
    0.036619173428214538 9.5327605635973693</data></distortion_coefficients>
</opencv_storage>
